[gd_scene load_steps=35 format=3 uid="uid://dy6cpi7eppvhg"]

[ext_resource type="Script" path="res://player/Player.cs" id="1_66xf5"]
[ext_resource type="PackedScene" uid="uid://ssa3ebtm3o8e" path="res://player/Robot.blend" id="2_64jnv"]

[sub_resource type="CapsuleShape3D" id="34"]
height = 1.5

[sub_resource type="AnimationNodeAnimation" id="188"]
animation = &"Robot_Death"

[sub_resource type="AnimationNodeAnimation" id="50"]
animation = &"Robot_Idle-loop"

[sub_resource type="AnimationNodeAnimation" id="175"]
animation = &"Robot_Punch"

[sub_resource type="AnimationNodeAnimation" id="195"]
animation = &"Robot_Running"

[sub_resource type="AnimationNodeAnimation" id="51"]
animation = &"Robot_Walking-loop"

[sub_resource type="AnimationNodeStateMachineTransition" id="52"]

[sub_resource type="AnimationNodeStateMachineTransition" id="53"]

[sub_resource type="AnimationNodeStateMachineTransition" id="176"]

[sub_resource type="AnimationNodeStateMachineTransition" id="177"]

[sub_resource type="AnimationNodeStateMachineTransition" id="178"]

[sub_resource type="AnimationNodeStateMachineTransition" id="179"]

[sub_resource type="AnimationNodeStateMachineTransition" id="189"]

[sub_resource type="AnimationNodeStateMachineTransition" id="190"]

[sub_resource type="AnimationNodeStateMachineTransition" id="191"]

[sub_resource type="AnimationNodeStateMachineTransition" id="192"]

[sub_resource type="AnimationNodeStateMachineTransition" id="193"]

[sub_resource type="AnimationNodeStateMachineTransition" id="194"]

[sub_resource type="AnimationNodeStateMachineTransition" id="196"]

[sub_resource type="AnimationNodeStateMachineTransition" id="197"]

[sub_resource type="AnimationNodeStateMachineTransition" id="198"]

[sub_resource type="AnimationNodeStateMachineTransition" id="199"]

[sub_resource type="AnimationNodeStateMachineTransition" id="200"]

[sub_resource type="AnimationNodeStateMachineTransition" id="201"]

[sub_resource type="AnimationNodeStateMachineTransition" id="202"]

[sub_resource type="AnimationNodeStateMachineTransition" id="203"]

[sub_resource type="AnimationNodeStateMachine" id="54"]
states/death/node = SubResource("188")
states/death/position = Vector2(546.327, 281.591)
states/idle/node = SubResource("50")
states/idle/position = Vector2(329.756, 75.8571)
states/punch/node = SubResource("175")
states/punch/position = Vector2(547.062, 93.8729)
states/run/node = SubResource("195")
states/run/position = Vector2(99, 122)
states/walk/node = SubResource("51")
states/walk/position = Vector2(292.01, 271.235)
transitions = ["idle", "walk", SubResource("52"), "walk", "idle", SubResource("53"), "idle", "punch", SubResource("176"), "punch", "idle", SubResource("177"), "walk", "punch", SubResource("178"), "punch", "walk", SubResource("179"), "walk", "death", SubResource("189"), "death", "walk", SubResource("190"), "death", "punch", SubResource("191"), "punch", "death", SubResource("192"), "idle", "death", SubResource("193"), "death", "idle", SubResource("194"), "idle", "run", SubResource("196"), "run", "idle", SubResource("197"), "run", "punch", SubResource("198"), "punch", "run", SubResource("199"), "death", "run", SubResource("200"), "run", "death", SubResource("201"), "run", "walk", SubResource("202"), "walk", "run", SubResource("203")]
graph_offset = Vector2(-324, -9)

[sub_resource type="AnimationNodeStateMachinePlayback" id="AnimationNodeStateMachinePlayback_egdud"]

[sub_resource type="StandardMaterial3D" id="StandardMaterial3D_hywig"]
albedo_color = Color(1, 0, 0, 1)

[sub_resource type="CapsuleMesh" id="184"]
material = SubResource("StandardMaterial3D_hywig")
radius = 0.49
height = 9.9
radial_segments = 10
rings = 5

[sub_resource type="StandardMaterial3D" id="StandardMaterial3D_efxms"]
albedo_color = Color(0, 0, 1, 1)

[sub_resource type="CapsuleMesh" id="186"]
material = SubResource("StandardMaterial3D_efxms")
radius = 0.51
height = 10.1
radial_segments = 10
rings = 5

[node name="Player" type="CharacterBody3D"]
script = ExtResource("1_66xf5")

[node name="Robot" parent="." instance=ExtResource("2_64jnv")]

[node name="FootL_2" parent="Robot/RobotArmature/Skeleton3D" index="0"]
transform = Transform3D(1, -8.52651e-14, -7.14984e-14, 8.52651e-14, 1, 1.86265e-07, -1.08358e-13, -2.30968e-07, 1, 0.624058, 0.397664, 0.191114)
bone_idx = 2

[node name="Head_2" parent="Robot/RobotArmature/Skeleton3D" index="1"]
transform = Transform3D(0.998071, -0.0469698, -0.0405853, 0.0492516, 0.997148, 0.0571817, 0.0377837, -0.0590704, 0.997538, -0.0521873, 3.65313, -0.00113495)
bone_idx = 9

[node name="ArmL" parent="Robot/RobotArmature/Skeleton3D" index="2"]
transform = Transform3D(0.435432, 0.900219, 0.0020148, -0.869529, 0.421166, -0.25795, -0.23306, 0.110568, 0.966156, 0.265002, 2.88456, 0.130694)
bone_idx = 24

[node name="ShoulderL_2" parent="Robot/RobotArmature/Skeleton3D" index="3"]
transform = Transform3D(0.434578, 0.900634, -1.15426e-07, -0.900634, 0.434578, -1.53681e-07, -5.26807e-08, 1.41291e-07, 1, 0.582681, 2.40805, -0.0209942)
bone_idx = 25

[node name="ArmR" parent="Robot/RobotArmature/Skeleton3D" index="4"]
transform = Transform3D(0.101816, -0.202931, -4.88944e-08, 0.202145, 0.101422, 0.0199569, -0.0178377, -0.00894975, 0.226162, -0.82569, 2.01812, 0.0402433)
bone_idx = 40

[node name="ShoulderR_2" parent="Robot/RobotArmature/Skeleton3D" index="5"]
transform = Transform3D(0.448449, -0.893808, -1.21024e-07, 0.893808, 0.448449, -4.91913e-08, 4.86162e-08, -1.1434e-07, 1, -0.636986, 2.40748, -0.0209942)
bone_idx = 41

[node name="LowerLegL_2" parent="Robot/RobotArmature/Skeleton3D" index="6"]
transform = Transform3D(0.984157, 0.00489689, 0.177234, 0.00847707, 0.997177, -0.074624, -0.177099, 0.0749463, 0.981345, 0.684371, 0.371967, 0.214604)
bone_idx = 44

[node name="LegL" parent="Robot/RobotArmature/Skeleton3D" index="7"]
transform = Transform3D(0.984221, -0.0223161, 0.175532, 0.00755859, 0.996413, 0.084297, -0.176784, -0.0816382, 0.980868, 0.643831, 1.187, 0.0287201)
bone_idx = 45

[node name="LowerLegR_2" parent="Robot/RobotArmature/Skeleton3D" index="8"]
transform = Transform3D(0.962589, -0.00859958, -0.270823, -0.0120636, 0.997148, -0.0745382, 0.270697, 0.0750204, 0.959728, -0.730424, 0.372037, 0.206403)
bone_idx = 48

[node name="LegR" parent="Robot/RobotArmature/Skeleton3D" index="9"]
transform = Transform3D(0.962472, 0.0441141, -0.267765, -0.0131749, 0.993132, 0.116258, 0.271059, -0.108368, 0.956435, -0.666554, 1.18434, 0.0179463)
bone_idx = 49

[node name="Torso_2" parent="Robot/RobotArmature/Skeleton3D" index="10"]
transform = Transform3D(1, 0, 0, 0, 1, 0, 0, 0, 1, -0.00271564, 2.20934, -0.0195812)
bone_idx = 50

[node name="FootR_2" parent="Robot/RobotArmature/Skeleton3D" index="11"]
transform = Transform3D(1, 2.27374e-13, 3.05533e-13, 2.27374e-13, 1, -7.45058e-09, -1.52767e-13, -7.45058e-09, 1, -0.637997, 0.397664, 0.191115)
bone_idx = 53

[node name="CollisionShape" type="CollisionShape3D" parent="."]
transform = Transform3D(1, 0, 0, 0, 1, 0, 0, 0, 1, 0, 0.74, 0)
shape = SubResource("34")

[node name="AnimationTree" type="AnimationTree" parent="."]
tree_root = SubResource("54")
anim_player = NodePath("../Robot/AnimationPlayer")
parameters/playback = SubResource("AnimationNodeStateMachinePlayback_egdud")

[node name="NavigationAgent" type="NavigationAgent3D" parent="."]

[node name="HealthBar" type="Node3D" parent="."]
transform = Transform3D(-1.31134e-08, -0.3, 0, 0.3, -1.31134e-08, 0, 0, 0, 0.3, 0, 5, 0)

[node name="Base" type="MeshInstance3D" parent="HealthBar"]
cast_shadow = 0
mesh = SubResource("184")
skeleton = NodePath("../..")

[node name="Health" type="MeshInstance3D" parent="HealthBar"]
cast_shadow = 0
mesh = SubResource("186")

[editable path="Robot"]
