[gd_scene load_steps=37 format=3 uid="uid://dy6cpi7eppvhg"]

[ext_resource type="Script" path="res://player/Player.cs" id="1_66xf5"]
[ext_resource type="PackedScene" uid="uid://ssa3ebtm3o8e" path="res://player/Robot.blend" id="2_glv45"]

[sub_resource type="AnimationNodeAnimation" id="188"]
animation = &"Robot_Death"

[sub_resource type="AnimationNodeAnimation" id="50"]
animation = &"Robot_Idle-loop"

[sub_resource type="AnimationNodeAnimation" id="175"]
animation = &"Robot_Punch"

[sub_resource type="AnimationNodeAnimation" id="195"]
animation = &"Robot_Running"

[sub_resource type="AnimationNodeAnimation" id="51"]
animation = &"Robot_Walking-loop"

[sub_resource type="AnimationNodeStateMachineTransition" id="52"]

[sub_resource type="AnimationNodeStateMachineTransition" id="53"]

[sub_resource type="AnimationNodeStateMachineTransition" id="176"]

[sub_resource type="AnimationNodeStateMachineTransition" id="177"]

[sub_resource type="AnimationNodeStateMachineTransition" id="178"]

[sub_resource type="AnimationNodeStateMachineTransition" id="179"]

[sub_resource type="AnimationNodeStateMachineTransition" id="189"]

[sub_resource type="AnimationNodeStateMachineTransition" id="190"]

[sub_resource type="AnimationNodeStateMachineTransition" id="191"]

[sub_resource type="AnimationNodeStateMachineTransition" id="192"]

[sub_resource type="AnimationNodeStateMachineTransition" id="193"]

[sub_resource type="AnimationNodeStateMachineTransition" id="194"]

[sub_resource type="AnimationNodeStateMachineTransition" id="196"]

[sub_resource type="AnimationNodeStateMachineTransition" id="197"]

[sub_resource type="AnimationNodeStateMachineTransition" id="198"]

[sub_resource type="AnimationNodeStateMachineTransition" id="199"]

[sub_resource type="AnimationNodeStateMachineTransition" id="200"]

[sub_resource type="AnimationNodeStateMachineTransition" id="201"]

[sub_resource type="AnimationNodeStateMachineTransition" id="202"]

[sub_resource type="AnimationNodeStateMachineTransition" id="203"]

[sub_resource type="AnimationNodeStateMachineTransition" id="AnimationNodeStateMachineTransition_0lcby"]
advance_mode = 2

[sub_resource type="AnimationNodeStateMachineTransition" id="AnimationNodeStateMachineTransition_ba7lm"]
advance_mode = 2

[sub_resource type="AnimationNodeStateMachine" id="54"]
states/End/position = Vector2(796, 99.1852)
states/Start/position = Vector2(66, -30)
states/death/node = SubResource("188")
states/death/position = Vector2(566.994, 238.924)
states/idle/node = SubResource("50")
states/idle/position = Vector2(283.089, 7.19044)
states/punch/node = SubResource("175")
states/punch/position = Vector2(547.062, 93.8729)
states/run/node = SubResource("195")
states/run/position = Vector2(99, 122)
states/walk/node = SubResource("51")
states/walk/position = Vector2(292.01, 271.235)
transitions = ["idle", "walk", SubResource("52"), "walk", "idle", SubResource("53"), "idle", "punch", SubResource("176"), "punch", "idle", SubResource("177"), "walk", "punch", SubResource("178"), "punch", "walk", SubResource("179"), "walk", "death", SubResource("189"), "death", "walk", SubResource("190"), "death", "punch", SubResource("191"), "punch", "death", SubResource("192"), "idle", "death", SubResource("193"), "death", "idle", SubResource("194"), "idle", "run", SubResource("196"), "run", "idle", SubResource("197"), "run", "punch", SubResource("198"), "punch", "run", SubResource("199"), "death", "run", SubResource("200"), "run", "death", SubResource("201"), "run", "walk", SubResource("202"), "walk", "run", SubResource("203"), "Start", "idle", SubResource("AnimationNodeStateMachineTransition_0lcby"), "death", "End", SubResource("AnimationNodeStateMachineTransition_ba7lm")]
graph_offset = Vector2(-244, -78)

[sub_resource type="AnimationNodeStateMachinePlayback" id="AnimationNodeStateMachinePlayback_egdud"]

[sub_resource type="CapsuleShape3D" id="34"]
height = 1.5

[sub_resource type="StandardMaterial3D" id="StandardMaterial3D_hywig"]
albedo_color = Color(1, 0, 0, 1)

[sub_resource type="CapsuleMesh" id="184"]
material = SubResource("StandardMaterial3D_hywig")
radius = 0.49
height = 9.9
radial_segments = 10
rings = 5

[sub_resource type="StandardMaterial3D" id="StandardMaterial3D_efxms"]
albedo_color = Color(0, 0, 1, 1)

[sub_resource type="CapsuleMesh" id="186"]
material = SubResource("StandardMaterial3D_efxms")
radius = 0.51
height = 10.1
radial_segments = 10
rings = 5

[node name="Player" type="CharacterBody3D"]
axis_lock_angular_x = true
axis_lock_angular_z = true
script = ExtResource("1_66xf5")

[node name="Robot" parent="." instance=ExtResource("2_glv45")]
transform = Transform3D(0.25, 0, 0, 0, 0.25, 0, 0, 0, 0.25, 0, 0, 0)

[node name="Skeleton3D" parent="Robot/RobotArmature" index="0"]
bones/3/position = Vector3(0.0052459, 1.41397, 0.30772)
bones/7/rotation = Quaternion(-0.0433809, -0.0141813, 0.0282903, 0.998557)
bones/8/rotation = Quaternion(-0.0309211, -0.00285618, -0.00128305, 0.999517)
bones/10/rotation = Quaternion(-0.0114497, -0.0532471, -0.9762, 0.209923)
bones/11/rotation = Quaternion(-0.0545858, -0.689887, 0.0692138, 0.718531)
bones/12/rotation = Quaternion(0.309992, 0.499338, -0.36494, 0.72207)
bones/14/rotation = Quaternion(-0.00442113, 0.0238239, -0.552072, 0.833444)
bones/15/rotation = Quaternion(-0.0381108, 0.000934117, -0.699656, 0.713462)
bones/16/rotation = Quaternion(0.729874, 0.635341, 0.211089, 0.13808)
bones/17/rotation = Quaternion(0.248974, -0.627184, -0.630886, 0.382928)
bones/19/rotation = Quaternion(0.0467353, -0.396111, -0.589061, 0.702794)
bones/20/rotation = Quaternion(-0.0425872, -0.0183796, -0.699962, 0.712672)
bones/22/rotation = Quaternion(-0.0680167, 0.483185, -0.584014, 0.648717)
bones/23/rotation = Quaternion(-0.0425873, -0.0183795, -0.699962, 0.712672)
bones/26/rotation = Quaternion(-0.012289, 0.0530604, 0.972768, 0.225291)
bones/27/rotation = Quaternion(0.0435723, 0.80457, 0.0574779, 0.589461)
bones/28/rotation = Quaternion(0.0897255, -0.705058, 0.255014, 0.655599)
bones/30/rotation = Quaternion(-0.0436784, -0.0103278, 0.525089, 0.849863)
bones/31/rotation = Quaternion(0.0348681, -0.0390055, 0.504719, 0.861697)
bones/33/rotation = Quaternion(0.135572, -0.735133, -0.594621, 0.296016)
bones/35/rotation = Quaternion(-0.504663, -0.573821, 0.135774, 0.630564)
bones/36/rotation = Quaternion(-0.0418692, -0.0120427, 0.527238, 0.8486)
bones/38/rotation = Quaternion(0.575218, 0.552901, 0.116743, 0.591435)
bones/39/rotation = Quaternion(0.138603, 0.024903, 0.427063, 0.893189)
bones/42/rotation = Quaternion(0.985518, 0.0175866, -0.0842842, 0.146085)
bones/42/scale = Vector3(1, 1, 1.00002)
bones/43/rotation = Quaternion(0.277154, 1.27992e-07, -7.25923e-08, 0.960826)
bones/46/rotation = Quaternion(0.979527, -0.0257475, 0.13731, 0.144949)
bones/46/scale = Vector3(1, 1, 1.00002)
bones/47/rotation = Quaternion(0.277154, -3.04963e-07, 3.9081e-08, 0.960826)
bones/51/position = Vector3(0.913523, 1.05808, 1.70949)
bones/54/position = Vector3(-1.10091, 1.05808, 1.70949)

[node name="FootL_2" parent="Robot/RobotArmature/Skeleton3D" index="0"]
transform = Transform3D(1, -8.52651e-14, -7.14984e-14, 8.52651e-14, 1, 1.86265e-07, -1.08358e-13, -2.30968e-07, 1, 0.624058, 0.397664, 0.191114)
bone_idx = 2

[node name="Head_2" parent="Robot/RobotArmature/Skeleton3D" index="1"]
transform = Transform3D(0.9923, -0.0913178, -0.0836782, 0.100428, 0.988613, 0.112061, 0.0724922, -0.119601, 0.990172, -0.0984717, 3.61641, -0.0399844)
bone_idx = 9

[node name="ArmL" parent="Robot/RobotArmature/Skeleton3D" index="2"]
transform = Transform3D(-0.593677, 0.770712, -0.23141, -0.685791, -0.635026, -0.355572, -0.420995, -0.0523958, 0.905548, 0.845369, 2.83096, 0.267107)
bone_idx = 24

[node name="ShoulderL_2" parent="Robot/RobotArmature/Skeleton3D" index="3"]
transform = Transform3D(-0.622059, 0.78297, -8.72953e-08, -0.782971, -0.622059, -2.01907e-08, -2.94729e-08, 8.87349e-08, 1, 0.554408, 2.39338, -0.0209942)
bone_idx = 25

[node name="ArmR" parent="Robot/RobotArmature/Skeleton3D" index="4"]
transform = Transform3D(-0.13502, -0.181656, -0.0178378, 0.179385, -0.136159, 0.0287947, -0.0337363, 0.00303039, 0.2245, -0.344872, 2.05528, 0.0634052)
bone_idx = 40

[node name="ShoulderR_2" parent="Robot/RobotArmature/Skeleton3D" index="5"]
transform = Transform3D(-0.597787, -0.801655, -1.36221e-07, 0.801656, -0.597786, -1.87817e-07, 4.48427e-08, -2.04769e-07, 1, -0.60826, 2.39251, -0.0209942)
bone_idx = 41

[node name="LowerLegL_2" parent="Robot/RobotArmature/Skeleton3D" index="6"]
transform = Transform3D(0.939213, 0.0207418, 0.342711, 0.0317019, 0.988675, -0.146715, -0.34187, 0.148671, 0.927933, 0.748348, 0.345176, 0.225504)
bone_idx = 44

[node name="LegL" parent="Robot/RobotArmature/Skeleton3D" index="7"]
transform = Transform3D(0.939537, -0.0655817, 0.33611, -0.00335035, 0.979685, 0.200528, -0.34243, -0.189523, 0.92025, 0.670752, 1.16864, 0.0641232)
bone_idx = 45

[node name="LowerLegR_2" parent="Robot/RobotArmature/Skeleton3D" index="8"]
transform = Transform3D(0.850306, -0.0396206, -0.524788, -0.0426647, 0.988696, -0.143764, 0.524557, 0.144647, 0.839002, -0.822706, 0.346297, 0.194032)
bone_idx = 48

[node name="LegR" parent="Robot/RobotArmature/Skeleton3D" index="9"]
transform = Transform3D(0.850243, 0.114342, -0.513815, 0.00851281, 0.97301, 0.230613, 0.526322, -0.200449, 0.826326, -0.704679, 1.16488, 0.0462906)
bone_idx = 49

[node name="Torso_2" parent="Robot/RobotArmature/Skeleton3D" index="10"]
transform = Transform3D(1, 0, 0, 0, 1, 0, 0, 0, 1, -0.00271564, 2.17686, -0.0195812)
bone_idx = 50

[node name="FootR_2" parent="Robot/RobotArmature/Skeleton3D" index="11"]
transform = Transform3D(1, 2.27374e-13, 3.05533e-13, 2.27374e-13, 1, -7.45058e-09, -1.52767e-13, -7.45058e-09, 1, -0.637997, 0.397664, 0.191115)
bone_idx = 53

[node name="AnimationPlayer" parent="Robot" index="1"]
autoplay = "Robot_Idle"

[node name="AnimationTree" type="AnimationTree" parent="."]
tree_root = SubResource("54")
anim_player = NodePath("../Robot/AnimationPlayer")
parameters/playback = SubResource("AnimationNodeStateMachinePlayback_egdud")

[node name="CollisionShape" type="CollisionShape3D" parent="."]
transform = Transform3D(1, 0, 0, 0, 1, 0, 0, 0, 1, 0, 0.74, 0)
shape = SubResource("34")
disabled = true

[node name="NavigationAgent" type="NavigationAgent3D" parent="."]

[node name="HealthBar" type="Node3D" parent="."]
transform = Transform3D(-1.31134e-08, -0.3, 0, 0.3, -1.31134e-08, 0, 0, 0, 0.3, 0, 5, 0)

[node name="Base" type="MeshInstance3D" parent="HealthBar"]
cast_shadow = 0
mesh = SubResource("184")
skeleton = NodePath("../..")

[node name="Health" type="MeshInstance3D" parent="HealthBar"]
cast_shadow = 0
mesh = SubResource("186")

[editable path="Robot"]
